国家统计总局官网：https://data.stats.gov.cn/easyquery.htm?cn=C01&zb=A0201&sj=2018
在此可以获取GDP+电力能源消费总量+各类能源发电数据总量。
指标	2019年	2018年	2017年	2016年	2015年	2014年	2013年	2012年	2011年	2010年	2009年	2008年	2007年	2006年	2005年	2004年	2003年	2002年	2001年	2000年
国民总收入(亿元)	988528.9	914327.1	831381.2	743408.3	686255.7	644380.2	588141.2	537329	483392.8	410354.1	347934.9	321229.5	270704	219028.5	185998.9	161415.4	136576.3	120480.4	109276.2	99066.1
国内生产总值(亿元)	990865.1	919281.1	832035.9	746395.1	688858.2	643563.1	592963.2	538580	487940.2	412119.3	348517.7	319244.6	270092.3	219438.5	187318.9	161840.2	137422	121717.4	110863.1	100280.1
第一产业增加值(亿元)	70466.7	64745.2	62099.5	60139.2	57774.6	55626.3	53028.1	49084.6	44781.5	38430.8	33583.8	32464.1	27674.1	23317	21806.7	20904.3	16970.2	16190.2	15502.5	14717.4
第二产业增加值(亿元)	386165.3	364835.2	331580.5	295427.8	281338.9	277282.8	261951.6	244639.1	227035.1	191626.5	160168.8	149952.9	126630.5	104359.2	88082.2	74285	62695.8	54104.1	49659.4	45663.7
第三产业增加值(亿元)	534233.1	489700.8	438355.9	390828.1	349744.7	310654	277983.5	244856.2	216123.6	182061.9	154765.1	136827.5	115787.7	91762.2	77430	66650.9	57756	51423.1	45701.2	39899.1
人均国内生产总值(元)	70892	66006	60014	54139	50237	47173	43684	39874	36302	30808	26180	24100	20494	16738	14368	12487	10666	9506	8717	7942

指标	2019年	2018年	2017年	2016年	2015年	2014年	2013年	2012年	2011年	2010年	2009年	2008年	2007年	2006年	2005年	2004年	2003年	2002年	2001年	2000年
电力可供量(亿千瓦小时)		71509.2	65914	61204.4	58021.3	57830.5	54204.1	49767.7	47002.7	41936.5	37032.7	34540.8	32712.4	28588.4	24940.8	21972.3	19032.2	16466	14724.1	13472.7
电力生产量(亿千瓦小时)		71661.3	66044.5	61331.6	58145.7	57944.6	54316.4	49875.5	47130.2	42071.6	37146.5	34668.8	32815.5	28657.3	25002.6	22033.1	19105.8	16540	14808	13556
水电生产电力量(亿千瓦小时)		12317.9	11978.7	11840.5	11302.7	10728.8	9202.9	8721.1	6989.4	7221.7	6156.4	5851.9	4852.6	4357.9	3970.2	3535.4	2836.8	2879.7	2774.3	2224.1
火电生产电力量(亿千瓦小时)		50963.2	47546	44370.7	42841.9	44001.1	42470.1	38928.1	38337	33319.3	29827.8	27900.8	27229.3	23696	20473.4	17955.9	15803.6	13381.4	11834.3	11141.9
核电生产电力量(亿千瓦小时)		2943.6	2480.7	2132.9	1707.9	1325.4	1116.1	973.9	863.5	738.8	701.3	683.9	621.3	548.4	530.9	504.7	433.4	251.3	174.7	167.4
风电生产电力量(亿千瓦小时)		3659.7	2972.3	2370.7	1857.7	1599.8	1412	959.8	703.3	446.2										
电力进口量(亿千瓦小时)		56.9	64.2	61.9	62.1	67.5	74.4	68.7	65.6	55.5	60.1	38.4	42.5	53.9	50.1	34	29.8	23	18	15.5
电力出口量(亿千瓦小时)		209.1	194.7	189.1	186.5	181.6	186.7	176.5	193.1	190.6	173.9	166.4	145.7	122.7	111.9	94.8	103.4	97	101.9	98.8
电力能源消费总量(亿千瓦小时)		71508.2	65914	61205.1	58020	57829.7	54203.4	49762.6	47000.9	41934.5	37032.2	34541.4	32711.8	28588	24940.3	21971.4	19031.6	16465.5	14723.5	13472.4
农、林、牧、渔、水利业电力消费总量(亿千瓦小时)		1242.5	1175.1	1091.9	1039.8	1013.4	1026.9	1012.6	1012.9	976.5	939.9	887.1	879	827	776.3	768.9	693.1	606.2	582.4	533
工业电力消费总量(亿千瓦小时)		49094.9	46052.8	42996.9	41550	42248.7	39236.9	36232.2	34691.6	30871.8	26854.5	25388.6	24290.8	21267.7	18521.7	16424.3	14169.7	12402.2	10944.7	10004.6
建筑业电力消费总量(亿千瓦小时)		887.8	789.2	725.6	698.7	721.7	675.1	608.4	571.8	483.2	421.9	367.3	309	271	233.9	202.1	179.8	154.1	154.9	159.8
交通运输、仓储和邮政业电力消费总量(亿千瓦小时)		1608.5	1418	1251.5	1125.6	1059.2	1000.9	915.4	848.4	734.5	617	571.8	531.9	467.4	430.3	449.6	406.9	303	309.3	281.2
批发、零售业和住宿、餐饮业电力消费总量(亿千瓦小时)		2900.4	2526.6	2323.8	2122	1995.6	1876.9	1691.5	1503.1	1292	1136.8	1017.4	929.8	847.3	752.3	705.4	613	500	459.9	418.7
其他行业电力消费总量(亿千瓦小时)		5716.5	4880.6	4394.8	3918.6	3615	3397.6	3083.6	2753.1	2451.8	2189.9	1913	1708.6	1555.9	1340.9	1036.6	911	728.5	663.1	623.2
生活消费电力总量(亿千瓦小时)		10057.6	9071.6	8420.6	7565.2	7176.1	6989.2	6219	5620.1	5124.6	4872.2	4396.1	4062.7	3351.6	2884.8	2384.5	2058	1771.4	1609.2	1452
电力终端消费量(亿千瓦小时)		68156.5	62718.1	58142.2	55032.1	54729.8	51062.7	46866.5	44300.2	39366.3	34773.9	32403.5	30650.1	26729.1	23233.8	20550.8	17770.9	15296.8	13690	12535.7
工业终端电力消费量(亿千瓦小时)		45743.2	42857	39934	38562.1	39148.8	36096.2	33336.1	31990.8	28303.5	24596.3	23250.8	22229.1	19408.9	16815.2	15003.7	12909	11233.5	9911.2	9067.9
输配电损失量(亿千瓦小时)		3351.7	3195.8	3062.9	2987.9	3099.9	3140.7	2896.2	2700.7	2568.2	2258.2	2137.9	2061.7	1858.8	1706.5	1420.6	1260.7	1168.7	1033.5	936.7
